n
12
m
2
n_day
1
hl
1439
o
3
rate_in_peak
0.47753
rate_off_peak
0.32282
max_cost
1160
peak_start
1080
peak_end
1259
v
1.2
1
0.8
lambda
1.5
1
0.6
pi
143
46
processing
59 48
4 71
6 1
58 68
88 27
10 28
13 4
36 25
97 19
26 57
35 65
41 32
setup
0 5 8 6 3 3 3 5 2 7 1 6
1 0 8 6 3 3 3 5 2 7 1 6
3 5 0 7 3 3 4 7 4 4 5 8
8 8 4 0 4 4 2 6 4 5 2 7
1 5 7 8 0 8 8 7 8 5 8 7
1 5 8 6 5 0 8 8 5 4 6 6
5 6 4 4 3 8 0 3 7 8 3 5
1 5 7 5 6 3 6 0 5 6 5 6
3 5 8 3 5 6 4 5 0 6 5 7
2 5 5 7 6 4 8 6 6 0 6 6
3 6 7 2 4 8 7 6 2 6 0 6
1 5 8 7 4 6 8 7 7 8 3 0
0 1 6 1 1 3 8 5 2 2 3 6
1 0 6 1 1 3 8 5 2 2 3 6
4 4 0 4 4 4 5 7 4 3 5 5
2 2 6 0 5 5 2 5 4 6 8 2
7 7 7 8 0 8 8 7 5 8 5 8
1 1 6 7 8 0 6 3 6 5 8 4
8 8 4 1 5 6 0 6 7 3 4 4
7 7 7 7 8 4 6 0 6 7 6 6
6 6 6 7 6 4 6 2 0 7 6 6
2 2 5 7 5 8 7 3 7 0 3 7
5 5 7 5 1 8 8 6 2 6 0 7
2 2 6 8 8 8 7 5 7 3 3 0
